0.193000
0.194000
14978 ->128.000000.192000
0.192000
0.193000
0.197000
0.195000
0.196000
0.195000
0.198000
0.195000
0.198000
0.198000
0.197000
14986 ->136.000000, 6.300000, 3.400000, 5.600000,  -> 2.00000,2.00000,2.00000,2.00000,2.00000,1.00000,2.00000,2.00000,2.00000,2.00000,-> 2.00000.197000
0.195000
0.197000
0.197000
0.196000
0.198000
0.197000
0.197000
0.197000
0.195000
0.198000
14990 ->140.000000, 6.70000.212000
0.194000
0.193000
0.194000
0.194000
0.191000
0.198000
0.194000
0.195000
0.205000
0.193000
11248 ->148.000000, 6.200000, 3.400000, 5.400000,  -> 2.000000.192000
0.194000
0.209000
0.201000
0.195000
0.193000
0.196000
0.194000
0.193000
0.193000
0.194000
7488 ->138.000000, 6.000000, 3.000000, 4.800000,  -> 2.00000,2.00000,2.00000,2.00000,2.00000,1.00000,2.00000,2.00000,2.000.193000
0.192000
0.193000
0.193000
0.194000
0.205000
0.199000
0.200000
0.193000
14978 ->128.000000, 6.400000, 2.8000.193000
0.192000
11249 ->149.000000, 5.900000, 3.000000, 5.100000,  -> 2.00000,2.000.195000
0.200000
7472 ->122.000000, 7.700000, 2.800000, 6.700000,  -> 2.00000,2.00000,2.00000,2.00000,2.00000,1.0000.192000
0.192000
0.193000
3737 ->137.000000, 6.400000, 3.100000, 5.500000,  -> 2.00000,2.00000,2.00000,2.00000,2.00000,1.00000,2.00000,2.00000,2.00000,2.00000,-> 2.000000.193000
0.192000
0.205000
0.201000
0.194000
0.193000
0.192000
0.190000
0.196000
0.194000
0.194000
0.192000
0.195000
3728 ->128.000000, 6.400000, 2.800000, 5.600000,  -> 2.00000,2.00000,2.00000,2.00000,2.00000,1.00000,2.00000,2.000000.189000
0.190000
3743 ->143.000000, 6.800000, 3.200000, 5.900000,  -3728 ->128.000000, 6.400000, 2.800000, 5.600.187000
0.185000
0.191000
0.193000
0.190000
0.192000
0.189000
0.200000
0.185000
0.197000
0.192000
0.193000
0.185000
0.189000
0.192000
0.192000
0.188000
0.189000
0.194000
0.188000
0.186000
0.189000
0.187000
0.190000
0.191000
3735 ->135.000000, 7.700000, 3.000000, 6.100000,  -> 2.00000,2.00000,2.00000,0.197000
0.194000
0.187000
0.191000
0.192000
0.190000
0.191000
0.191000
0.191000
0.192000
0.189000
0.192000
0.189000
0.191000
0.187000
0.183000
0.189000
0.189000
0.190000
0.188000
0.189000
3737 ->137.000000, 6.400000, 3.100.190000
0.186000
0.191000
0.189000
0.190000
0.190000
0.188000
0.187000
0.189000
0.190000
0.190000
0.191000
0.190000
0.191000
0.190000
11229 ->129.000000, 7.200000, 3.000000, 5.800000,  -> 2.00000,2.00000,1.0.188000
0.186000
0.193000
0.196000
0.188000
0.190000
0.184000
0.190000
0.188000
3735 ->135.000000, 7.700000, 3.000000, 6.100000,  -> 2.00000,2.00000,0.189000
0.203000
0.191000
0.194000
0.188000
0.191000
0.186000
0.192000
0.192000
0.190000
0.189000
14988 ->138.000000, 6.000000, 3.000000, 4.800000,  -> 2.00000,2.0.187000
0.190000
0.187000
0.191000
0.198000
0.197000
0.194000
7488 ->138.000000, 6.000000, 3.000000, 4.800000,  -> 2.00000,2.00000,2.00000,2.0.191000
3736 ->136.000000, 6.300000, 3.400000, 5.600000,  -> 2.00000,2.00000,2.00000,2.00000,2.00000,1.00000,2.00000,2.00000,2.00000,20.189000
0.191000
0.192000
0.196000
0.189000
0.187000
0.189000
0.192000
0.190000
0.188000
0.191000
0.189000
0.186000
0.190000
0.189000
0.193000
0.189000
3746 ->146.000000, 6.300000, 2.500000, 5.000000,  -0.194000
0.186000
0.181000
0.189000
0.187000
0.189000
0.187000
0.186000
0.189000
0.190000
0.189000
0.193000
0.187000
0.191000
0.193000
0.189000
0.188000
0.188000
0.190000
0.194000
0.190000
0.195000
0.196000
0.194000
0.193000
0.190000
0.192000
0.191000
0.191000
0.195000
0.193000
0.195000
0.191000
0.196000
0.192000
7491 ->0.195000
0.193000
0.191000
0.196000
0.194000
0.195000
0.197000
0.192000
0.188000
0.190000
0.192000
0.188000
11228 ->128.0.192000
0.189000
0.184000
0.188000
0.195000
14976 ->126.000000, 6.200000, 2.800000, 4.800000,  -> 2.00000,2.00000,2.00000,2.00000,2.00000,1.00000,2.00000,2.00000,2.0000.189000
0.187000
0.194000
0.189000
0.189000
0.198000
0.194000
0.193000
0.188000
3743 0.191000
3739 ->139.000000, 6.900000, 3.100000, 5.400000,  -> 2.00000,2.00000,2.00000,2.00000,2.00000,1.00000,2.00000,2.00000,2.00000,2.00000,-> 2.0.187000
0.201000
0.192000
0.193000
0.189000
0.189000
7499 ->149.000000, 5.900000, 3.000000, 5.100000,  -> 2.00000,2.00000,20.191000
0.187000
7493 ->143.000000, 6.800000, 3.200000, 5.900000,  -> 2.00000,2.00000,2.00000,2.00000,2.00000,1.00000,2.00000,2.00000,2.00000,2.00000,-> 2.0.190000
0.219000
0.190000
0.190000
0.190000
0.195000
0.188000
0.187000
0.186000
0.190000
0.191000
0.188000
0.189000
0.190000
0.190000
0.192000
0.202000
0.194000
0.191000
0.190000
0.191000
0.187000
0.185000
0.191000
14988 ->138.000000, 6.000000, 3.000000, 4.800000,  -> 2.00000,2.00000,2.00000,2.00000,2.00000,1.00000,2.00000,2.00000,2.00000,2.0.188000
0.189000
0.187000
0.187000
0.194000
0.195000
3749 ->149.000000, 5.900000, 3.000000, 5.100000,  -> 2.00000,2.00000,2.00000,2.00000,2.00000,1.00000,2.00000,2.00000,2.00000,2.00000,-> 20.189000
0.185000
0.193000
11234 ->134.000000, 6.100000, 2.6000.191000
0.191000
0.191000
0.190000
0.192000
0.192000
0.190000
0.190000
0.189000
11228 ->128.000000, 6.400000, 2.800000, 5.600000,  -> 2.00000,2.00000,2.00000,2.00000,2.00000,1.00000,2.00000,2.00000,2.00000,2.00000,-> 2.0.188000
0.194000
0.188000
14975 ->125.000000, 7.200000, 3.200000, 6.000000,  -> 2.00000,2.00000,2.00000,2.00000,2.00000,1.00000,2.00000,2.00000,2.00000,2.00000,11230 ->130.000000, 7.400000, 2.800000, 6.100000,  -> 2.00000,2.00000,2.00000,2.0000.190000
0.187000
0.189000
0.193000
0.190000
0.189000
14997 ->147.000000, 6.500000, 3.000000, 5.200000,  -> 2.00000,2.00000,0.189000
0.189000
0.189000
0.186000
0.192000
0.192000
0.191000
0.190000
0.187000
0.196000
0.192000
0.189000
7478 ->128.000000, 6.400000, 2.800000, 5.600000,  -> 2.00000,2.00000,2.00000,2.00000.190000
0.187000
0.188000
0.190000
0.192000
0.189000
0.190000
0.190000
0.187000
0.191000
0.210000
0.196000
0.202000
0.191000
0.200000
0.194000
0.195000
0.197000
0.182000
0.195000
0.195000
0.190000
0.191000
0.186000
0.191000
0.186000
0.193000
0.185000
14982 ->132.000000,0.191000
0.191000
0.188000
0.191000
0.191000
0.218000
0.188000
0.190000
0.187000
7490 ->140.000000, 6.700000, 3.100.189000
0.195000
14977 ->127.000000, 6.100000, 3.000000, 4.900000,  -> 2.00000,2.00000,2.00000,2.00000,2.00000,1.00000,0.189000
0.190000
0.189000
0.191000
0.188000
0.190000
0.194000
0.191000
0.192000
0.194000
0.188000
0.190000
0.198000
0.194000
0.198000
0.184000
0.189000
0.186000
0.190000
0.190000
0.193000
0.190000
0.201000
0.188000
0.191000
0.189000
0.189000
0.187000
0.196000
11224 ->124.000000, 6.700000, 3.300000, 5.700000,  -> 2.00000,2.00000,2.00000,2.00000,2.00000,1.00000,2.00000,2.00000,2.0000.190000
0.191000
0.193000
0.189000
0.189000
0.188000
0.189000
0.190000
14974 ->124.000000, 6.700000, 3.300000, 5.700000,  -> 2.000.187000
0.192000
0.190000
0.192000
0.190000
0.191000
0.192000
0.192000
0.188000
0.188000
0.184000
0.191000
0.190000
0.188000
0.196000
0.190000
0.192000
0.191000
0.193000
0.190000
14972 ->122.000000, 7.700000, 2.800000, 6.700000,  -> 2.00000,2.00000,2.00000,2.00000,2.00000,1.00000,2.00000,2.00000,2.00000,2.000000.193000
0.189000
0.190000
0.191000
7497 ->147.000000, 6.500000, 3.000000.189000
14989 ->139.000000, 6.900000, 3.100000, 0.190000
0.187000
0.187000
0.189000
0.190000
0.189000
0.183000
11238 ->138.000000, 6.000000, 3.000000, 4.800000,  -> 2.00000,2.00000,2.00000,2.00000,20.190000
0.188000
0.189000
0.191000
0.193000
0.196000
0.192000
0.189000
3741 ->141.000000, 6.900000, 14997 ->147.000000, 6.500000.189000
0.189000
0.189000
0.193000
0.190000
0.195000
0.186000
0.191000
0.190000
0.189000
0.188000
0.192000
0.187000
0.191000
0.227000
0.191000
0.190000
14999 ->149.000000, 5.900000, 3.000000, 5.100000,  -> 2.00000,2.00000,2.00000,2.00000,2.00000,1.00000,2.00000,2.00000,2.003740 ->140.000000, 6.700000, 3.100000, 5.600000,  -> 2.00000,2.00000,2.00000,2.00000,2.00000,1.0000.189000
0.188000
11240 ->140.000000, 6.700000, 3.100000, 5.600000,  -> 2.00000,2.00000,2.0