0.207000
0.242000
0.210000
0.183000
0.176000
0.183000
0.170000
0.181000
0.177000
0.176000
0.171000
0.168000
0.172000
0.171000
0.172000
0.170000
0.174000
0.168000
0.177000
0.171000
0.181000
0.169000
0.177000
0.169000
0.183000
0.171000
0.180000
0.164000
0.171000
0.171000
0.175000
0.170000
0.172000
0.171000
0.171000
0.166000
0.172000
0.180000
0.168000
0.183000
0.169000
0.177000
0.172000
0.187000
0.172000
0.176000
0.166000
0.183000
0.164000
0.175000
0.167000
0.172000
0.169000
0.171000
0.178000
0.171000
0.174000
0.170000
0.172000
0.169000
0.173000
0.172000
0.178000
0.171000
0.177000
0.166000
0.183000
0.170000
0.180000
0.172000
0.175000
0.176000
0.171000
0.172000
0.174000
0.173000
0.172000
0.170000
0.167000
0.174000
0.172000
0.176000
0.168000
0.201000
0.229000
0.191000
0.166000
0.171000
0.176000
0.174000
0.172000
0.177000
0.177000
0.169000
0.174000
0.179000
0.179000
0.185000
0.179000
0.171000
