0.066000
0.053000
0.052000
0.056000
0.048000
0.057000
0.051000
0.052000
0.055000
0.049000
0.051000
0.050000
0.051000
0.049000
0.048000
0.051000
0.052000
0.052000
0.049000
0.053000
0.051000
0.060000
0.052000
0.051000
0.053000
0.051000
0.054000
0.052000
0.079000
0.076000
0.049000
0.051000
0.053000
0.052000
0.053000
0.053000
0.051000
0.052000
0.053000
0.052000
0.051000
0.052000
0.051000
0.054000
0.051000
0.047000
0.054000
0.054000
0.050000
0.053000
0.050000
0.052000
0.053000
0.053000
0.051000
0.052000
0.051000
0.052000
0.055000
0.051000
0.052000
0.059000
0.053000
0.051000
0.051000
0.053000
0.052000
0.052000
0.051000
0.051000
0.060000
0.049000
0.053000
0.052000
0.053000
0.049000
0.051000
0.051000
0.050000
0.055000
0.051000
0.054000
0.050000
0.054000
0.054000
0.050000
0.050000
0.050000
0.051000
0.048000
0.051000
0.055000
0.050000
0.053000
0.051000
0.051000
0.052000
0.050000
0.048000
0.051000
