0.068000
0.067000
0.069000
0.071000
0.070000
0.066000
0.066000
0.069000
0.070000
0.068000
0.070000
0.067000
0.067000
0.071000
0.070000
0.069000
0.067000
0.069000
0.066000
0.067000
0.069000
0.067000
0.067000
0.067000
0.067000
0.066000
0.066000
0.065000
0.068000
0.067000
0.070000
0.069000
0.071000
0.069000
0.070000
0.067000
0.070000
0.070000
0.069000
0.068000
0.068000
0.070000
0.069000
0.069000
0.069000
0.069000
0.070000
0.068000
0.069000
0.068000
0.069000
0.068000
0.068000
0.066000
0.068000
0.067000
0.067000
0.067000
0.068000
0.067000
0.065000
0.067000
0.065000
0.068000
0.068000
0.068000
0.069000
0.068000
0.066000
0.067000
0.066000
0.066000
0.067000
0.067000
0.066000
0.069000
0.066000
0.068000
0.066000
0.067000
0.067000
0.070000
0.067000
0.066000
0.066000
0.067000
0.067000
0.067000
0.066000
0.068000
0.065000
0.067000
0.066000
0.069000
0.066000
0.067000
0.067000
0.067000
0.067000
0.067000
